0.000 0.000
0.050 0.004
0.100 0.000
0.151 0.000
0.201 0.004
0.251 0.004
0.301 0.000
0.351 0.004
0.401 0.000
0.452 0.004
0.502 0.004
0.552 0.004
0.602 0.004
0.652 0.004
0.702 0.000
0.753 0.004
0.803 0.008
0.853 0.004
0.903 0.004
0.953 0.016
1.004 0.004
1.054 0.008
1.104 0.008
1.154 0.016
1.204 0.008
1.254 0.032
1.305 0.020
1.355 0.024
1.405 0.016
1.455 0.044
1.505 0.028
1.556 0.028
1.606 0.044
1.656 0.032
1.706 0.032
1.756 0.060
1.806 0.028
1.857 0.060
1.907 0.064
1.957 0.104
2.007 0.080
2.057 0.076
2.107 0.120
2.158 0.136
2.208 0.140
2.258 0.172
2.308 0.128
2.358 0.184
2.409 0.196
2.459 0.204
2.509 0.188
2.559 0.172
2.609 0.172
2.659 0.176
2.710 0.248
2.760 0.220
2.810 0.372
2.860 0.288
2.910 0.288
2.961 0.304
3.011 0.372
3.061 0.364
3.111 0.380
3.161 0.468
3.211 0.428
3.262 0.440
3.312 0.476
3.362 0.504
3.412 0.516
3.462 0.604
3.512 0.680
3.563 0.660
3.613 0.680
3.663 0.752
3.713 0.740
3.763 0.944
3.814 0.964
3.864 0.988
3.914 1.048
3.964 1.236
4.014 1.176
4.064 1.248
4.115 1.328
4.165 1.428
4.215 1.660
4.265 1.396
4.315 1.488
4.366 1.496
4.416 1.600
4.466 1.836
4.516 1.744
4.566 1.836
4.616 1.928
4.667 1.992
4.717 2.080
4.767 2.180
4.817 2.248
4.867 2.172
4.917 2.268
4.968 2.448
5.018 2.512
5.068 2.596
5.118 2.628
5.168 2.844
5.219 2.792
5.269 2.924
5.319 3.004
5.369 3.108
5.419 3.128
5.469 3.208
5.520 3.040
5.570 3.160
5.620 3.296
5.670 3.172
5.720 3.476
5.771 3.636
5.821 3.616
5.871 3.700
5.921 3.756
5.971 3.744
6.021 3.748
6.072 3.852
6.122 3.884
6.172 3.920
6.222 4.012
6.272 3.956
6.322 4.108
6.373 4.460
6.423 4.152
6.473 4.044
6.523 4.384
6.573 4.268
6.624 4.468
6.674 4.544
6.724 4.568
6.774 4.408
6.824 4.480
6.874 4.436
6.925 4.384
6.975 4.532
7.025 4.552
7.075 4.460
7.125 4.364
7.176 4.428
7.226 4.588
7.276 4.800
7.326 4.384
7.376 4.420
7.426 4.636
7.477 4.764
7.527 4.692
7.577 4.648
7.627 4.196
7.677 4.720
7.727 4.368
7.778 4.540
7.828 4.052
7.878 4.216
7.928 4.320
7.978 3.980
8.029 4.204
8.079 4.084
8.129 4.384
8.179 3.888
8.229 3.968
8.279 3.648
8.330 3.640
8.380 3.892
8.430 3.692
8.480 3.424
8.530 3.596
8.581 3.688
8.631 3.432
8.681 3.524
8.731 3.168
8.781 3.168
8.831 3.076
8.882 3.088
8.932 2.760
8.982 2.828
9.032 2.732
9.082 2.896
9.132 2.792
9.183 2.564
9.233 2.652
9.283 2.512
9.333 2.364
9.383 2.504
9.434 2.288
9.484 2.184
9.534 2.164
9.584 2.100
9.634 2.196
9.684 1.808
9.735 1.984
9.785 1.908
9.835 1.784
9.885 1.752
9.935 1.460
9.986 1.488
10.036 1.592
10.086 1.492
10.136 1.484
10.186 1.188
10.236 1.368
10.287 1.264
10.337 1.092
10.387 1.092
10.437 0.956
10.487 0.948
10.537 0.980
10.588 0.912
10.638 0.856
10.688 0.840
10.738 0.768
10.788 0.776
10.839 0.688
10.889 0.668
10.939 0.672
10.989 0.580
11.039 0.656
11.089 0.504
11.140 0.440
11.190 0.460
11.240 0.432
11.290 0.412
11.340 0.372
11.390 0.360
11.441 0.308
11.491 0.276
11.541 0.352
11.591 0.252
11.641 0.268
11.692 0.232
11.742 0.208
11.792 0.144
11.842 0.180
11.892 0.204
11.942 0.164
11.993 0.156
12.043 0.132
12.093 0.172
12.143 0.100
12.193 0.108
12.244 0.124
12.294 0.076
12.344 0.084
12.394 0.048
12.444 0.092
12.494 0.076
12.545 0.068
12.595 0.072
12.645 0.020
12.695 0.052
12.745 0.040
12.795 0.032
12.846 0.024
12.896 0.024
12.946 0.044
12.996 0.032
13.046 0.016
13.097 0.024
13.147 0.024
13.197 0.016
13.247 0.008
13.297 0.008
13.347 0.012
13.398 0.012
13.448 0.024
13.498 0.016
13.548 0.020
13.598 0.008
13.649 0.000
13.699 0.004
13.749 0.004
13.799 0.008
13.849 0.004
13.899 0.008
13.950 0.004
14.000 0.000
14.050 0.000
14.100 0.000
14.150 0.004
14.200 0.004
14.251 0.004
14.301 0.000
14.351 0.000
14.401 0.000
