0.000 0.000
0.050 0.004
0.100 0.000
0.151 0.004
0.201 0.000
0.251 0.000
0.301 0.004
0.351 0.000
0.401 0.004
0.452 0.004
0.502 0.000
0.552 0.004
0.602 0.004
0.652 0.008
0.702 0.008
0.753 0.012
0.803 0.012
0.853 0.004
0.903 0.000
0.953 0.016
1.004 0.012
1.054 0.012
1.104 0.008
1.154 0.040
1.204 0.016
1.254 0.044
1.305 0.028
1.355 0.032
1.405 0.016
1.455 0.036
1.505 0.040
1.555 0.076
1.606 0.048
1.656 0.056
1.706 0.068
1.756 0.040
1.806 0.044
1.856 0.076
1.907 0.064
1.957 0.056
2.007 0.108
2.057 0.100
2.107 0.088
2.158 0.108
2.208 0.116
2.258 0.168
2.308 0.156
2.358 0.184
2.408 0.184
2.459 0.152
2.509 0.188
2.559 0.228
2.609 0.224
2.659 0.260
2.709 0.232
2.760 0.316
2.810 0.368
2.860 0.280
2.910 0.356
2.960 0.368
3.011 0.336
3.061 0.428
3.111 0.412
3.161 0.392
3.211 0.532
3.261 0.368
3.312 0.568
3.362 0.544
3.412 0.692
3.462 0.672
3.512 0.680
3.562 0.692
3.613 0.796
3.663 0.836
3.713 0.928
3.763 0.812
3.813 0.884
3.864 0.960
3.914 0.980
3.964 1.248
4.014 1.124
4.064 1.236
4.114 1.332
4.165 1.368
4.215 1.320
4.265 1.464
4.315 1.496
4.365 1.588
4.415 1.768
4.466 1.744
4.516 1.776
4.566 1.772
4.616 2.068
4.666 1.988
4.717 2.200
4.767 2.076
4.817 2.224
4.867 2.328
4.917 2.464
4.967 2.540
5.018 2.448
5.068 2.708
5.118 2.704
5.168 2.740
5.218 2.752
5.268 2.624
5.319 2.896
5.369 2.888
5.419 3.208
5.469 3.100
5.519 3.176
5.569 2.964
5.620 3.208
5.670 3.492
5.720 3.644
5.770 3.572
5.820 3.696
5.871 3.588
5.921 3.368
5.971 3.812
6.021 3.656
6.071 3.856
6.121 3.728
6.172 3.908
6.222 3.932
6.272 4.184
6.322 4.128
6.372 4.028
6.422 4.212
6.473 4.120
6.523 4.176
6.573 4.144
6.623 4.388
6.673 4.228
6.724 4.448
6.774 4.200
6.824 4.748
6.874 4.416
6.924 4.408
6.974 4.464
7.025 4.624
7.075 4.420
7.125 4.328
7.175 4.320
7.225 4.548
7.275 4.316
7.326 4.456
7.376 4.452
7.426 4.708
7.476 4.452
7.526 4.556
7.577 4.580
7.627 4.524
7.677 4.460
7.727 4.448
7.777 4.280
7.827 4.124
7.878 4.148
7.928 4.168
7.978 4.280
8.028 3.952
8.078 3.948
8.128 3.740
8.179 3.832
8.229 3.944
8.279 4.024
8.329 3.640
8.379 3.776
8.430 3.832
8.480 3.588
8.530 3.736
8.580 3.496
8.630 3.640
8.680 3.552
8.731 3.188
8.781 3.156
8.831 3.244
8.881 3.096
8.931 2.784
8.981 3.144
9.032 2.960
9.082 3.004
9.132 2.728
9.182 2.772
9.232 2.572
9.282 2.608
9.333 2.464
9.383 2.456
9.433 2.448
9.483 2.148
9.533 2.232
9.584 2.004
9.634 2.100
9.684 2.268
9.734 1.872
9.784 1.728
9.834 1.916
9.885 1.764
9.935 1.540
9.985 1.704
10.035 1.704
10.085 1.496
10.135 1.404
10.186 1.344
10.236 1.296
10.286 1.236
10.336 1.216
10.386 1.204
10.437 1.076
10.487 0.984
10.537 1.064
10.587 0.920
10.637 0.780
10.687 0.876
10.738 0.800
10.788 0.796
10.838 0.660
10.888 0.724
10.938 0.640
10.988 0.568
11.039 0.504
11.089 0.564
11.139 0.552
11.189 0.436
11.239 0.424
11.290 0.392
11.340 0.328
11.390 0.352
11.440 0.328
11.490 0.280
11.540 0.212
11.591 0.268
11.641 0.268
11.691 0.212
11.741 0.244
11.791 0.204
11.841 0.196
11.892 0.172
11.942 0.156
11.992 0.144
12.042 0.108
12.092 0.132
12.142 0.092
12.193 0.072
12.243 0.120
12.293 0.080
12.343 0.056
12.393 0.092
12.444 0.072
12.494 0.064
12.544 0.048
12.594 0.048
12.644 0.048
12.694 0.040
12.745 0.048
12.795 0.032
12.845 0.016
12.895 0.020
12.945 0.032
12.995 0.024
13.046 0.016
13.096 0.040
13.146 0.020
13.196 0.016
13.246 0.012
13.297 0.020
13.347 0.008
13.397 0.020
13.447 0.004
13.497 0.008
13.547 0.004
13.598 0.012
13.648 0.000
13.698 0.012
13.748 0.004
13.798 0.008
13.848 0.004
13.899 0.004
13.949 0.012
13.999 0.000
14.049 0.000
14.099 0.000
14.150 0.004
14.200 0.000
14.250 0.000
14.300 0.000
14.350 0.004
14.400 0.000
