0.000 0.000
0.050 0.004
0.100 0.000
0.151 0.004
0.201 0.000
0.251 0.000
0.301 0.000
0.351 0.000
0.401 0.000
0.452 0.000
0.502 0.008
0.552 0.008
0.602 0.000
0.652 0.000
0.702 0.004
0.753 0.000
0.803 0.012
0.853 0.008
0.903 0.008
0.953 0.008
1.004 0.016
1.054 0.008
1.104 0.020
1.154 0.008
1.204 0.004
1.254 0.032
1.305 0.024
1.355 0.024
1.405 0.032
1.455 0.024
1.505 0.036
1.556 0.052
1.606 0.060
1.656 0.052
1.706 0.032
1.756 0.068
1.806 0.056
1.857 0.052
1.907 0.076
1.957 0.072
2.007 0.120
2.057 0.100
2.107 0.132
2.158 0.100
2.208 0.140
2.258 0.136
2.308 0.120
2.358 0.148
2.409 0.152
2.459 0.188
2.509 0.216
2.559 0.296
2.609 0.256
2.659 0.188
2.710 0.284
2.760 0.296
2.810 0.272
2.860 0.316
2.910 0.352
2.961 0.380
3.011 0.444
3.061 0.396
3.111 0.544
3.161 0.540
3.211 0.596
3.262 0.512
3.312 0.500
3.362 0.780
3.412 0.736
3.462 0.700
3.512 0.824
3.563 0.800
3.613 0.832
3.663 0.888
3.713 0.940
3.763 0.960
3.814 1.004
3.864 0.956
3.914 1.224
3.964 1.192
4.014 1.256
4.064 1.304
4.115 1.420
4.165 1.416
4.215 1.484
4.265 1.484
4.315 1.564
4.366 1.712
4.416 1.744
4.466 1.856
4.516 1.856
4.566 1.900
4.616 1.948
4.667 1.924
4.717 2.076
4.767 2.484
4.817 2.304
4.867 2.428
4.917 2.632
4.968 2.528
5.018 2.780
5.068 2.488
5.118 2.752
5.168 2.904
5.219 2.796
5.269 2.956
5.319 2.948
5.369 3.184
5.419 3.076
5.469 3.100
5.520 3.184
5.570 3.344
5.620 3.444
5.670 3.420
5.720 3.380
5.771 3.192
5.821 3.604
5.871 3.556
5.921 3.616
5.971 3.576
6.021 3.600
6.072 4.176
6.122 3.832
6.172 3.816
6.222 3.816
6.272 3.948
6.322 4.112
6.373 4.184
6.423 4.068
6.473 4.076
6.523 3.920
6.573 4.060
6.624 4.104
6.674 4.012
6.724 4.468
6.774 4.176
6.824 4.224
6.874 4.264
6.925 4.568
6.975 4.452
7.025 4.252
7.075 4.228
7.125 4.324
7.176 4.468
7.226 4.212
7.276 4.596
7.326 4.196
7.376 4.272
7.426 4.300
7.477 4.236
7.527 4.388
7.577 4.504
7.627 4.220
7.677 4.168
7.727 4.416
7.778 4.056
7.828 4.112
7.878 4.020
7.928 4.180
7.978 4.312
8.029 3.896
8.079 3.840
8.129 4.000
8.179 3.864
8.229 3.676
8.279 3.764
8.330 3.712
8.380 3.592
8.430 3.868
8.480 3.708
8.530 3.564
8.581 3.440
8.631 3.424
8.681 3.440
8.731 3.108
8.781 3.248
8.831 3.252
8.882 3.132
8.932 3.004
8.982 3.044
9.032 2.984
9.082 2.800
9.132 2.888
9.183 2.756
9.233 2.684
9.283 2.488
9.333 2.592
9.383 2.604
9.434 2.344
9.484 2.380
9.534 2.364
9.584 2.232
9.634 2.016
9.684 1.996
9.735 1.976
9.785 1.696
9.835 1.888
9.885 1.708
9.935 1.684
9.986 1.724
10.036 1.604
10.086 1.496
10.136 1.372
10.186 1.432
10.236 1.400
10.287 1.216
10.337 1.284
10.387 1.316
10.437 1.100
10.487 1.044
10.537 1.016
10.588 0.948
10.638 0.844
10.688 0.884
10.738 0.748
10.788 0.728
10.839 0.816
10.889 0.688
10.939 0.656
10.989 0.648
11.039 0.620
11.089 0.620
11.140 0.476
11.190 0.460
11.240 0.504
11.290 0.440
11.340 0.368
11.390 0.392
11.441 0.280
11.491 0.380
11.541 0.276
11.591 0.280
11.641 0.252
11.692 0.224
11.742 0.164
11.792 0.188
11.842 0.160
11.892 0.156
11.942 0.200
11.993 0.104
12.043 0.148
12.093 0.140
12.143 0.080
12.193 0.092
12.244 0.108
12.294 0.108
12.344 0.068
12.394 0.060
12.444 0.076
12.494 0.068
12.545 0.052
12.595 0.036
12.645 0.060
12.695 0.064
12.745 0.028
12.795 0.020
12.846 0.032
12.896 0.036
12.946 0.020
12.996 0.008
13.046 0.028
13.097 0.024
13.147 0.024
13.197 0.016
13.247 0.000
13.297 0.016
13.347 0.020
13.398 0.024
13.448 0.008
13.498 0.000
13.548 0.000
13.598 0.004
13.649 0.012
13.699 0.000
13.749 0.004
13.799 0.000
13.849 0.004
13.899 0.004
13.950 0.000
14.000 0.008
14.050 0.000
14.100 0.000
14.150 0.000
14.200 0.008
14.251 0.000
14.301 0.000
14.351 0.000
14.401 0.000
